,0,1,2,3,4,5,6
0,0.0,74.00675644831355,32.55764119219941,26.92582403567252,41.23105625617661,69.00724599634447,13.45362404707371
1,74.00675644831355,0.0,85.7962703152066,48.373546489791295,35.17101079013795,5.385164807134504,84.5931439302264
2,32.55764119219941,85.7962703152066,0.0,40.607881008493905,50.99019513592785,81.93900170248598,41.19465984809196
3,26.92582403567252,48.373546489791295,40.607881008493905,0.0,14.317821063276353,43.73785545725808,39.395431207184416
4,41.23105625617661,35.17101079013795,50.99019513592785,14.317821063276353,0.0,31.016124838541646,53.48831648126533
5,69.00724599634447,5.385164807134504,81.93900170248598,43.73785545725808,31.016124838541646,0.0,79.40403012442127
6,13.45362404707371,84.5931439302264,41.19465984809196,39.395431207184416,53.48831648126533,79.40403012442127,0.0
