,0,1,2,3,4,5
0,0.0,54.67174773134658,63.8200595424354,37.0,35.11409973215888,47.43416490252569
1,54.67174773134658,0.0,10.198039027185569,24.041630560342615,47.853944456021594,8.54400374531753
2,63.8200595424354,10.198039027185569,0.0,30.23243291566195,52.55473337388365,16.401219466856727
3,37.0,24.041630560342615,30.23243291566195,0.0,24.08318915758459,15.524174696260024
4,35.11409973215888,47.853944456021594,52.55473337388365,24.08318915758459,0.0,39.45883931389772
5,47.43416490252569,8.54400374531753,16.401219466856727,15.524174696260024,39.45883931389772,0.0
