,0,1,2,3,4,5,6,7,8
0,0.0,78.74642849044012,11.661903789690601,56.72741841473134,49.20365840057018,60.29925372672534,87.80091115700337,35.0,18.24828759089466
1,78.74642849044012,0.0,82.20097323024831,42.485291572496,47.43416490252569,88.63972021616495,10.198039027185569,47.095647357266465,60.74537019394976
2,11.661903789690601,82.20097323024831,0.0,54.20332093147061,46.22769732530488,50.0,91.7877987534291,35.73513677041127,25.0
3,56.72741841473134,42.485291572496,54.20332093147061,0.0,8.06225774829855,46.238512086787566,52.392747589718944,23.769728648009426,44.28317965096906
4,49.20365840057018,47.43416490252569,46.22769732530488,8.06225774829855,0.0,41.677331968349414,57.56735185849702,18.110770276274835,37.94733192202055
5,60.29925372672534,88.63972021616495,50.0,46.238512086787566,41.677331968349414,0.0,98.6154146165801,51.73973328110612,61.84658438426491
6,87.80091115700337,10.198039027185569,91.7877987534291,52.392747589718944,57.56735185849702,98.6154146165801,0.0,57.0087712549569,69.6419413859206
7,35.0,47.095647357266465,35.73513677041127,23.769728648009426,18.110770276274835,51.73973328110612,57.0087712549569,0.0,20.591260281974
8,18.24828759089466,60.74537019394976,25.0,44.28317965096906,37.94733192202055,61.84658438426491,69.6419413859206,20.591260281974,0.0
